3	1	1	2
3	4	1	2
3	6	1	2
3	10	1	2
4	1	1	2
4	5	1	2
4	8	1	2
4	13	1	2
4	17	1	2
3	1	1	3
3	4	1	3
3	6	1	3
3	10	1	3
4	1	1	3
4	5	1	3
4	8	1	3
4	13	1	3
4	17	1	3

33d087ab-94ff-40e1-8518-cc6aeba7fa11
7814657b-ca1e-494e-afae-4e00eedf7bad
e302d28e-dab5-4a34-b0d9-b2ac684ec6f4
207cc299-ad95-4b30-80f6-3da062fb4cab
54d71e3d-05b7-4b4f-9948-627eb1a2c085
d1b533b4-3b0b-401d-b46a-7ea952ee04cb
967392ab-0c6c-48e0-b08a-6f121843a00b
7a3382ef-df16-4ccb-a7f1-ffcaf22a0b86
4abbcf93-686d-4a67-900a-634edf5a0efd
8e60ef32-15d4-4621-9018-60336fba1965
8c5de31f-39e0-4b1a-851a-8c0057664c72
33510e94-3ca4-45dc-a02f-74227a4e1faf
9043d750-e801-48e1-922e-02547d3afae1
709946a5-2f81-4729-97e2-4d7072ebde14
243db75a-a593-442c-a984-533107aa2ca4
917f56da-549c-4990-ad23-1390a95e34f2
28c4f6a5-b722-431c-9890-97b591cdcfd9
625d8b5c-3357-4338-95c1-b1422e7e85eb
