=== extracted tree structure ===
{0: [1, 2, 3, 4, 5],
 1: [6],
 2: [7, 8],
 6: [9, 10, 11, 12, 13, 14, 15, 16, 17],
 7: [18, 19],
 8: [20],
 9: [21, 22, 23, 24, 25, 26, 27, 28, 29, 30, 31, 32],
 10: [33, 34, 35, 36, 37, 38, 39, 40, 41, 42, 43, 44, 45],
 11: [46, 47, 48, 49, 50],
 12: [51],
 13: [52],
 14: [53, 54, 55, 56],
 15: [57, 58, 59],
 16: [60, 61],
 17: [62, 63, 64, 65],
 18: [66, 67],
 19: [68],
 20: [69],
 53: [70, 71]}

=== gapped representation ===
{0: [1, 1, 1, 1, 1],
 1: [6],
 2: [7, 1],
 6: [9, 1, 1, 1, 1, 1, 1, 1, 1],
 7: [18, 1],
 8: [20],
 9: [21, 1, 1, 1, 1, 1, 1, 1, 1, 1, 1, 1],
 10: [33, 1, 1, 1, 1, 1, 1, 1, 1, 1, 1, 1, 1],
 11: [46, 1, 1, 1, 1],
 12: [51],
 13: [52],
 14: [53, 1, 1, 1],
 15: [57, 1, 1],
 16: [60, 1],
 17: [62, 1, 1, 1],
 18: [66, 1],
 19: [68],
 20: [69],
 53: [70, 1]}

=== compressed representation ===
{0: [(1, 5)],
 1: [(6, 1)],
 2: [(7, 1), (1, 1)],
 6: [(9, 1), (1, 8)],
 7: [(18, 1), (1, 1)],
 8: [(20, 1)],
 9: [(21, 1), (1, 11)],
 10: [(33, 1), (1, 12)],
 11: [(46, 1), (1, 4)],
 12: [(51, 1)],
 13: [(52, 1)],
 14: [(53, 1), (1, 3)],
 15: [(57, 1), (1, 2)],
 16: [(60, 1), (1, 1)],
 17: [(62, 1), (1, 3)],
 18: [(66, 1), (1, 1)],
 19: [(68, 1)],
 20: [(69, 1)],
 53: [(70, 1), (1, 1)]}

