009240
038390
334890
481850
338100
348950
092130
096240
357250
440290
208140
001450
400760
104700
432320
357120
396690
040420
357430
053980
001940
067990
031210
065710
285490
000480
053210
014440
377190
122990
381970
003475
005385
005389
037710
005387
460850
035000
015360
290090
190650
036640
007330
088260
072870
017800
122900
462520
001740
019440
095570
025000
031330
005090
082640
145270
049520
078935
478560
033920
001120
404990
002960
003545
003547
376290
000270
003465
210980
451800
035810
005830
350520
092230
001275
078930
005945
024110
136540
000815
035250
030610
140520
001755
017670
009180
025530
036560
030000
029780
417310
316140
120115
008060
001230
017480
003460
016450
00806K
214320
067570
088980
100250
068930
093920
069510
032540
078000
460860
003300
004650
001430
016360
013870
003470
034830
001750
199730
000700
009680
067280
024090
352090
085910
252500
002230
069260
094280
005380
016610
138930
001540
010640
215000
950190
230360
003690
018120
000240
094800
293940
344820
008370
003540
213500
127980
365550
448730
000390
005940
051600
023590
054040
078520
300720
014530
330590
003120
108675
024120
194370
000970
006390
088350
145995
134060
03473K
058430
003800
042500
071055
002290
039010
071320
123700
004970
035600
000075
004800
175330
011560
003555
000070
057050
086790
001795
395400
051390
095720
012690
28513K
35320K
032830
005305
060980
010780
003080
001685
036190
000810
134380
039570
011040
034730
023530
064820
015890
017940
039490
046440
004990
121440
032640
034590
023410
009970
002460
001270
111110
003780
161390
023150
128660
044340
041520
001420
000087
007590
088130
006805
000215
002810
00680K
006125
020000
002100
023760
190510
267290
122450
005810
009200
298540
073560
139130
330730
007340
092440
000370
105630
009300
016090
009160
017390
086980
004150
459100
037350
076340
002355
318410
030210
039130
089600
005500
004255
053280
093050
00499K
003070
005960
244880
293480
003550
033780
227840
092730
103140
091700
023000
110790
413630
221980
097955
408920
461300
001720
049720
090350
034950
011785
171120
267250
001790
010470
034310
309960
010960
016380
037460
004590
377740
267850
002150
010240
000950
130580
192400
120110
044450
075180
234080
317400
204020
001800
071050
058650
010040
001045
306200
055550
123890
013030
415640
002025
009270
052600
170790
282330
383800
045100
195870
058860
006060
256150
018250
376180
036800
109860
000140
036530
005490
002450
071840
031430
012750
479960
298020
131180
036460
284740
065530
006120
004980
089860
030200
036670
005180
004000
108320
039420
093190
002380
225530
005725
214180
111380
129260
013520
405100
054930
002600
111710
332370
001680
079000
083930
244920
101530
016740
009770
004365
126720
006840
286940
007980
456040
005850
347890
089470
014825
046310
060380
272550
003570
018670
025880
015860
096760
000145
021650
137950
472850
115310
005750
189980
126640
003010
039240
108230
145990
007070
000080
005250
00279K
000320
00088K
340440
060560
005160
053260
000850
001200
026960
049960
043370
044820
025540
038500
38380K
027410
009580
011370
007700
004910
072710
353810
002795
013310
067730
058850
012280
003495
029530
012620
296640
067010
035510
060720
126560
084870
034810
024880
011170
124560
241560
108670
169330
019685
001560
033530
021320
192650
204610
013120
170030
105560
450140
143240
018500
216050
028100
105740
014570
078340
094820
023910
003490
267980
264900
032190
041650
147830
004450
009155
001390
067920
005300
047050
03481K
117580
028670
096775
075130
123410
014580
086280
092460
028050
075970
064850
149010
344860
081660
005440
405920
298050
005610
420770
026940
073110
471820
030190
005010
265520
016710
037760
004780
079170
049430
036220
064960
006140
002310
000990
033100
005935
337930
002170
084010
004985
011760
290120
020710
122310
105840
058630
023810
120240
002320
138490
093380
37550K
023600
064400
053620
080520
015230
415380
131090
097520
263690
004020
130660
016250
160980
417500
012790
003075
021080
066575
263770
014130
377330
013570
210540
003650
054540
00104K
110990
280360
090435
004710
006200
084690
079960
001630
008260
066620
004890
26490K
02826K
039830
000020
002200
051905
000430
010060
004690
083420
037440
161000
215200
294870
054050
005680
005820
090355
048830
032560
133750
008870
031510
066130
069730
048430
352480
016800
086670
015750
017900
035890
007860
031440
318010
021240
004170
014280
053270
353200
024070
095610
126700
023450
065510
007680
111770
054800
039340
019210
041930
142210
090850
016580
011200
036120
048530
091590
097950
177830
001130
011210
020180
000910
237880
005257
096530
058400
005720
403870
053300
100120
052330
004430
005930
079900
013000
063570
035150
100700
181710
003480
000440
234340
241790
417790
002020
050860
001465
000210
010100
023800
383220
078020
004250
005670
053690
123570
237750
016590
053080
042110
049800
007370
000225
001040
005990
081000
452400
019540
45014K
003100
063760
089150
004360
250000
139480
251630
203450
212560
012330
149950
033270
378850
192080
080010
004840
026890
260930
183190
243070
005710
001500
006040
096770
051490
057030
419120
264450
019010
192250
200130
018260
003220
007310
080160
189690
072470
200880
002350
382840
000220
333620
036580
027360
151860
155650
366030
083310
285130
008420
075580
053800
114090
003200
069080
036890
010130
069960
138070
019180
445180
226320
319660
005740
028260
224110
024720
051380
083500
001060
049770
000860
002900
038110
037230
024830
006620
112610
031980
002920
163560
446070
001820
000885
271560
150900
453340
011780
129890
420570
045060
137310
004080
002030
014820
064480
005430
014830
178920
003310
014285
204320
443060
000050
054950
084695
339770
352700
006800
013580
009070
027710
038290
090460
214370
002240
187870
092790
215360
200780
417970
143160
038010
014940
024900
037330
008040
030520
155660
010690
260660
008250
000325
051500
119500
37550L
009290
006090
009900
290740
012630
271830
033130
051360
006980
192440
010770
098660
009140
007690
032750
041460
067160
092300
009540
009470
023900
101930
004770
023350
065370
002390
019770
100790
217500
119610
118990
134790
092780
012700
021820
035200
307280
072020
013700
053610
093520
263020
082920
003380
104830
183300
041830
014680
079430
006880
004830
126600
262840
001065
000640
347740
115500
015710
243840
277070
077500
262260
318000
083450
054210
268280
052260
277410
006730
004490
068790
007210
005745
006360
282880
006890
029460
323410
095340
064760
050960
200670
052690
043650
148150
234300
012610
042420
003610
017650
000880
072950
228850
115440
052400
272290
053050
425040
058470
049830
113810
088790
033500
009150
054670
267260
005360
038950
044990
055490
173130
170900
002790
448280
037070
033830
102120
060850
008470
007575
011070
187270
038070
066570
005860
050760
009780
273640
357230
484870
005800
091580
293580
045660
234690
451250
263860
035080
044960
000720
259630
004835
023160
214420
012320
010420
194700
307950
078070
072130
289080
036200
004960
098070
060250
265560
357780
339950
185750
381620
310870
007530
094970
008490
179290
413390
005965
297890
090410
011320
136490
066310
100840
102260
090470
319400
141000
049070
131220
126880
056190
006280
006650
033160
241770
067830
032850
225190
000725
000227
003850
138040
053700
010120
017890
375500
089980
009835
080470
085310
025820
068290
086450
084110
017510
007570
024910
383310
340570
211050
333050
034230
025860
290270
014970
267790
109080
356860
458650
039020
038680
199820
051900
475560
004370
192820
006260
217190
067900
002840
000660
002140
001460
051915
099390
144960
457550
103590
006220
006405
078150
049480
067080
136410
192390
170920
000120
004380
072990
950140
002800
264850
004090
065680
131290
001250
003090
359090
281820
092870
018310
092070
368770
010660
107590
246250
145720
214390
020400
053450
159580
206640
336680
039440
362990
000490
090430
452300
036480
036570
089010
004310
260970
158430
348210
162300
161890
008730
163730
004560
365330
106190
195940
298040
321260
18064K
009450
012510
166090
004140
008930
036930
042670
000155
448710
356890
003030
032620
041440
050890
014620
003960
017810
042700
251270
009830
052960
081150
006050
093320
098460
015760
248170
450330
060370
065450
264660
272210
001067
311320
079370
035900
251970
294570
267270
036710
048470
099430
237690
084370
036830
005290
024940
372170
017370
131970
002700
062040
000590
002720
073490
042370
025950
095500
086900
001530
017960
068330
001810
003160
114840
053580
33637K
416180
002620
218410
067310
083550
001770
003830
253590
241520
035420
030960
460930
016920
232680
006400
094360
246690
079550
222800
098120
099190
396470
074600
101170
058610
229640
214430
241590
022100
047810
096250
094480
059210
002710
017550
336570
056360
053160
000157
000105
102710
051910
007770
002220
048770
011700
120030
317850
043150
013890
329180
000150
003720
378340
006660
121600
007540
000100
108380
382480
068270
002760
088340
288620
207490
063160
086710
054450
376300
128940
010955
011500
214150
069620
012450
101490
281740
010620
148250
094940
079940
099320
003350
032960
004105
073010
004100
039030
078140
032300
071280
119850
460940
001515
089030
007660
122870
041510
437730
101160
094170
307750
131370
180640
450950
100660
003230
024060
137400
003925
214450
189300
011390
071090
010950
33637L
241710
003670
086520
290650
140860
240810
335890
065350
003240
417200
008830
001510
035720
005690
009520
064350
039290
000250
078600
003920
336370
006110
352820
000670
